375,0
374,14
374,13
374,12
374,11
374,10
374,9
374,8
374,7
374,6
374,5
374,4
374,3
374,2
374,1
374,0
373,5
373,4
373,3
373,2
373,1
373,0
372,5
372,4
372,3
372,2
372,1
372,0
371,4
371,3
371,2
371,1
371,0
370,3
370,2
370,1
370,0
369,3
369,2
369,1
369,0
368,3
368,2
368,1
368,0
367,3
367,2
367,1
367,0
366,3
366,2
366,1
366,0
365,3
365,2
365,1
365,0
364,3
364,2
364,1
364,0
363,3
363,2
363,1
363,0
362,3
362,2
362,1
362,0
361,3
361,2
361,1
361,0
360,3
360,2
360,1
360,0
359,15
359,14
359,13
359,12
359,11
359,10
359,9
359,8
359,7
359,6
359,5
359,4
359,3
359,2
359,1
359,0
358,5
358,4
358,3
358,2
358,1
358,0
357,12
357,11
357,10
357,9
357,1
18,3
18,1
14,72
14,71
14,70
14,69
14,68
14,67
14,66
14,65
14,64
14,35
14,4
14,3
14,1
13,6
13,4
13,3
13,1
2,3
2,2
2,1
0,573
0,0
501,34
501,33
501,32
501,31
501,30
501,29
501,28
501,27
501,26
501,25
501,24
501,23
501,22
501,21
501,20
